-0.062001668404620236
-0.04149476513576563
0.005060978797343914
0.030355852314691945
-0.02063841625539264
-0.011146208720042584
0.00899438625564667
0.002994111588042375
-0.01089023726441886
0.00393652333345267
0.00943831659200563
0.06394652231283393
0.014314396072543548
-0.0006478305024098027
0.04862767698760131
-0.009100749085711481
0.02810826427608667
0.017138133914533657
0.003596048448342844
-0.010037630496729084
0.10043665196603666
-0.005164690303732708
0.014222213581924822
4.935651460029939e-05
-0.004777941177347326
0.08242185933430372
-0.00931816737586438
0.005691099706362377
0.0555538481066945
-0.0016682010308634572
-0.016208986903928285
-0.014443580611746613
0.004834128973146611
-0.010713764309114176
-0.0147546234359951
-0.03060973807848114
0.009120953098986272
0.003043401342808796
-0.025580279780081146
0.04076049113314078
-0.01780587641333373
-0.019062314338235093
-0.005137802309166298
0.13103377780593822
0.029422367273352075
0.0074393904033415725
-0.004104654187155869
0.012117172374167288
0.0032297870721410197
-0.11498900451435272
0.020542400390684706
0.04875652213733674
-0.005092065798233453
0.0032625456123072027
-0.0020738355278269137
-0.00906374784617571
-0.005673731822446147
-0.00021482551586461066
-0.014493168629778943
-0.005138545172340549
-0.011274045046813421
0.005449237844220353
-0.03945334023437467
-0.010686534852197048
0.004092609734878395
-0.00029898962998241773
-0.04075969983575318
-0.010852838661752205
-0.005217009457199711
-0.050265119195646996
-0.06182262992981249
-0.02599389180182625
0.00903157872559205
0.003378128621325136
-0.010316803167554534
0.007777027946047104
-6.262781046592234e-05
-0.08668283087558504
0.004117026349002437
-0.0014520962137744417
-0.010106220040679173
-0.005641120106074757
0.0579845741349819
0.0007980182940292586
8.5507314978181e-05
0.0034145733472672507
0.10420302216906106
0.0062458820289065745
0.00902144595161068
-0.010153885497466118
0.004728659621348668
-0.023125695182222822
0.0005665670671717981
0.050455856389716065
-0.0037240798006937725
-0.004777190284036464
0.029817334393322792
0.004832276050383848
-0.01019900312864414
0.00246637117588858
0.03491300694025705
-0.0050750189853946736
0.001950965515420139
0.004807259711327162
-0.06313002237296345
-0.021919281285826705
0.008217002002872634
-0.009719005713471843
0.008732084609811926
-0.031760925709526225
0.013859641912608297
-0.010325242919091286
0.004965356897886313
-0.020352461310783145
0.00880740368072741
-0.018141906102077013
0.04259224585719091
0.003841276829012395
0.030108037207430865
-0.004484033358877458
0.013088662163270145
0.021684979393738476
0.02176350735928516
-0.003190601001123286
0.053280485535949426
0.01294777858703645
0.004765943291825039
-0.011673087505038704
0.03310965992712719
0.027381268311250682
0.08955552011617299
-0.04843158337139918
-0.029137802687285417
0.003945992173576084
0.04532438259553917
0.04303624682341585
0.06981526546349659
0.018472970967620555
0.0081962616974118
-0.02692569888613954
0.004829708672066691
-0.015052475407995989
-0.021119530075552957
0.009120953098986272
-0.07192420171776472
0.028190817501346308
8.501732942514538e-05
-0.005160701313048176
-0.03860991498027407
0.018758369640077353
-0.016331102436399975
0.013215075894498503
0.009550436331615885
0.004654268752332404
-0.04449912526442837
0.00230166705148109
-0.012038345250580777
-0.006903146782805712
-0.003025774573302973
-0.0018049379108778104
-0.002780124463934143
0.004874963755549671
0.010589556875051616
-0.002010583467765839
0.046028671061831596
-0.005416737974190688
-0.023826155615427787
0.00339066570653657
0.008130647556090357
-0.004989296267543614
0.013767258155120301
0.021299934616962262
0.15060567303776748
-0.0024344437132804843
-0.017721569335512704
0.004727800606340128
-0.0008506696208342815
-0.027579033399397206
-0.00022915806251274355
0.013209159675617567
0.048319725620711386
-0.0004249515090786267
-0.008409226712220604
-0.002555623547657516
-0.035338896949756456
0.025482196711033196
-0.002237954016839577
0.018276737344716326
-0.023868536806649333
-0.11147116609939665
0.010943088590220832
0.013414555336513452
-0.0010423102454971557
-0.023393052010206597
0.011190610748188902
-0.016812003233515345
0.011859013353169459
-0.039635043770060246
0.0355698035196398
0.004661959283684543
